revision,clones,prevented
1,258,7
2,336,7
3,358,7
4,342,7
5,382,7
6,382,7
7,382,7
8,412,7
9,394,7
10,378,7
11,378,7
12,379,7
13,385,7
14,379,7
15,379,7
16,385,7
17,391,7
18,391,7
19,400,7
20,424,7
21,424,7
22,430,7
23,430,7
24,430,7
25,430,7
26,430,7
27,457,7
28,487,7
29,499,7
30,507,7
31,507,8
32,513,8
33,513,8
34,510,8
35,510,8
36,510,8
37,522,8
38,522,8
39,544,8
40,544,8
41,544,8
42,544,8
43,544,8
44,573,8
45,573,8
46,573,8
47,573,8
48,573,8
49,579,8
50,579,8
51,579,8
52,579,8
53,580,8
54,580,8
55,581,8
56,581,8
57,581,8
58,581,8
59,581,8
60,565,8
61,565,8
62,565,8
63,565,8
64,565,8
65,565,8
66,580,8
67,580,8
68,580,8
69,580,8
70,530,8
71,165,3
72,165,3
73,165,3
74,166,3
75,166,3
76,206,3
77,206,3
78,206,3
79,206,3
80,201,3
81,201,3
82,201,3
83,201,3
84,201,3
85,201,3
86,200,3
87,200,3
88,201,3
89,201,3
90,200,3
91,200,3
92,200,3
93,203,3
94,203,3
95,190,3
96,190,3
97,190,3
98,187,3
99,188,3
100,188,3
101,188,3
102,188,3
103,189,3
104,189,3
105,189,3
106,189,3
107,189,3
108,189,3
109,189,3
110,189,3
111,189,3
112,189,3
113,189,3
114,189,3
115,189,3
116,189,3
117,189,3
118,192,3
119,189,3
120,189,3
121,189,3
122,189,3
123,192,3
124,193,3
125,193,3
126,194,3
127,194,3
128,195,3
129,195,3
130,195,3
131,196,3
132,196,3
133,196,3
134,196,3
135,196,3
136,197,3
137,197,3
138,197,3
139,198,3
140,198,3
141,198,3
142,198,3
143,198,3
144,199,3
145,199,3
146,199,3
147,201,3
148,202,3
149,202,3
150,208,3
151,208,3
152,208,3
153,208,3
154,208,3
155,208,3
156,214,3
157,220,3
158,220,3
159,220,3
160,210,3
161,214,3
162,214,3
163,214,3
164,214,3
165,214,3
166,215,3
167,185,3
168,185,3
169,192,3
170,192,3
171,193,3
172,193,3
173,193,3
174,193,3
175,192,3
176,192,3
177,192,3
178,192,3
179,192,3
180,192,3
181,191,3
182,191,3
183,191,3
184,191,3
185,191,3
186,191,3
187,191,3
188,191,3
189,191,3
190,191,3
191,191,3
192,192,3
193,192,3
194,193,3
195,192,3
196,192,3
197,192,3
198,193,3
199,193,3
200,193,3
201,193,3
202,193,3
203,194,3
204,194,3
205,194,3
206,195,3
207,190,3
208,190,3
209,190,3
210,190,3
211,190,3
212,190,3
213,205,3
214,205,3
215,206,3
216,206,3
217,206,3
218,206,3
219,207,3
220,207,3
221,213,3
222,213,3
223,213,3
224,213,3
225,213,3
226,213,3
227,213,3
228,213,3
229,214,3
230,209,3
231,209,3
232,209,3
233,209,3
234,209,3
235,209,3
236,209,3
237,208,3
238,208,3
239,25,0
240,25,0
241,25,0
242,25,0
243,25,0
244,25,0
245,25,0
246,25,0
247,25,0
248,25,0
249,25,0
250,25,0
251,25,0
252,25,0
253,25,0
254,25,0
255,25,0
256,25,0
257,25,0
258,25,0
259,25,0
260,25,0
261,25,0
262,25,0
263,25,0
264,25,0
265,25,0
266,25,0
267,25,0
268,25,0
269,25,0
270,25,0
271,25,0
272,25,0
273,25,0
274,25,0
275,25,0
276,25,0
277,25,0
278,25,0
279,25,0
280,25,0
281,25,0
282,25,0
283,25,0
284,25,0
285,25,0
286,25,0
287,25,0
288,25,0
289,25,0
290,25,0
291,25,0
292,25,0
293,25,0
294,25,0
295,25,0
296,25,0
297,25,0
298,25,0
299,25,0
300,25,0
301,25,0
302,25,0
303,25,0
304,25,0
305,25,0
306,25,0
307,25,0
308,25,0
309,25,0
310,25,0
311,25,0
312,25,0
313,25,0
314,25,0
315,25,0
316,25,0
317,25,0
318,25,0
319,25,0
320,25,0
321,25,0
322,25,0
323,25,0
324,26,0
325,26,0
326,26,0
327,26,0
328,26,0
329,26,0
330,26,0
331,26,0
332,26,0
333,26,0
334,26,0
335,26,0
336,26,0
337,26,0
338,26,0
339,26,0
340,26,0
341,26,0
342,26,0
343,26,0
344,26,0
345,26,0
346,26,0
347,25,0
348,25,0
349,25,0
350,25,0
351,25,0
352,25,0
353,25,0
354,25,0
355,26,0
356,26,0
357,26,0
358,26,0
359,26,0
360,25,0
361,25,0
362,25,0
363,25,0
364,25,0
365,25,0
366,25,0
367,25,0
368,25,0
369,25,0
370,25,0
371,25,0
372,25,0
373,25,0
374,25,0
375,25,0
376,25,0
377,25,0
378,25,0
379,25,0
380,25,0
381,25,0
382,25,0
383,25,0
384,25,0
385,25,0
386,25,0
387,25,0
388,25,0
389,25,0
390,25,0
391,25,0
392,25,0
393,25,0
394,25,0
395,25,0
396,25,0
397,25,0
398,25,0
399,25,0
400,25,0
401,25,0
402,25,0
403,25,0
404,25,0
405,25,0
406,25,0
407,25,0
408,25,0
409,25,0
410,25,0
411,25,0
412,25,0
413,25,0
414,25,0
415,25,0
416,25,0
417,25,0
418,25,0
419,25,0
420,25,0
421,25,0
422,25,0
423,25,0
424,25,0
425,25,0
426,25,0
427,25,0
428,24,0
429,24,0
430,24,0
431,24,0
432,24,0
433,24,0
434,24,0
435,24,0
436,24,0
437,24,0
438,24,0
439,24,0
440,24,0
441,24,0
442,24,0
443,24,0
444,24,0
445,24,0
446,24,0
447,24,0
448,24,0
449,24,0
450,24,0
451,24,0
452,25,0
453,25,0
454,24,0
455,24,0
456,24,0
457,24,0
458,24,0
459,25,0
460,25,0
461,24,0
462,24,0
463,24,0
464,24,0
465,24,0
466,24,0
467,24,0
468,24,0
469,24,0
470,24,0
471,24,0
472,24,0
473,24,0
474,24,0
475,24,0
476,24,0
477,24,0
478,24,0
479,24,0
480,24,0
481,24,0
482,20,0
483,20,0
484,20,0
485,20,0
486,20,0
487,20,0
488,20,0
489,20,0
490,20,0
491,20,0
492,20,0
493,20,0
494,20,0
495,20,0
496,20,0
497,20,0
498,20,0
499,20,0
500,20,0
501,20,0
502,20,0
503,20,0
504,20,0
505,20,0
506,19,0
507,19,0
508,19,0
509,19,0
510,19,0
511,19,0
512,19,0
513,19,0
514,19,0
515,19,0
516,19,0
517,19,0
518,19,0
519,20,0
520,20,0
521,20,0
522,20,0
523,20,0
524,20,0
525,20,0
526,20,0
527,20,0
528,20,0
529,20,0
530,19,0
531,19,0
532,19,0
533,19,0
534,19,0
535,19,0
536,19,0
537,19,0
538,19,0
539,19,0
540,19,0
541,19,0
542,19,0
543,19,0
544,19,0
545,19,0
546,19,0
547,19,0
548,19,0
549,19,0
550,19,0
551,19,0
552,19,0
553,19,0
554,19,0
555,19,0
556,19,0
557,19,0
558,19,0
559,19,0
560,19,0
561,19,0
562,19,0
563,19,0
564,19,0
565,19,0
566,19,0
567,19,0
568,19,0
569,19,0
570,19,0
571,19,0
572,19,0
573,19,0
574,19,0
575,19,0
576,19,0
577,19,0
578,19,0
579,19,0
580,19,0
581,16,0
582,16,0
583,16,0
584,16,0
585,16,0
586,16,0
587,16,0
588,16,0
589,16,0
590,16,0
591,16,0
592,16,0
593,16,0
594,16,0
595,16,0
596,16,0
597,16,0
598,16,0
599,16,0
600,16,0
601,16,0
602,16,0
603,16,0
604,16,0
605,16,0
606,17,0
607,17,0
608,17,0
609,17,0
610,17,0
611,17,0
612,17,0
613,18,0
614,18,0
615,18,0
616,17,0
617,18,0
618,18,0
619,18,0
620,18,0
621,18,0
622,18,0
623,18,0
624,18,0
625,18,0
626,18,0
627,18,0
628,18,0
629,18,0
630,18,0
631,18,0
632,18,0
633,18,0
634,18,0
635,18,0
636,18,0
637,18,0
638,18,0
639,18,0
640,17,0
641,17,0
642,17,0
643,17,0
644,17,0
645,17,0
646,17,0
647,17,0
648,17,0
649,17,0
650,17,0
651,17,0
652,17,0
653,17,0
654,17,0
655,17,0
656,17,0
657,18,0
658,17,0
659,17,0
660,17,0
661,17,0
662,17,0
663,17,0
664,17,0
665,17,0
666,18,0
667,18,0
668,18,0
669,18,0
670,20,0
671,20,0
672,20,0
673,20,0
674,20,0
675,20,0
676,20,0
677,20,0
678,21,0
679,21,0
680,21,0
681,21,0
682,21,0
683,21,0
684,21,0
685,19,0
686,19,0
687,19,0
688,19,0
689,19,0
690,19,0
691,19,0
692,19,0
693,19,0
694,19,0
695,19,0
696,19,0
697,20,0
698,20,0
699,22,0
700,22,0
701,21,0
702,16,0
703,16,0
704,16,0
705,16,0
706,16,0
707,16,0
708,16,0
709,16,0
710,16,0
711,16,0
712,16,0
713,16,0
714,16,0
715,16,0
716,16,0
717,16,0
718,16,0
719,16,0
720,16,0
721,16,0
722,16,0
723,16,0
724,16,0
725,16,0
726,16,0
727,16,0
728,16,0
729,16,0
730,16,0
731,16,0
732,16,0
733,16,0
734,16,0
735,16,0
736,16,0
737,16,0
738,16,0
739,16,0
740,16,0
741,16,0
742,16,0
743,16,0
744,16,0
745,16,0
746,16,0
747,16,0
748,16,0
749,16,0
750,16,0
751,16,0
752,16,0
753,16,0
754,16,0
755,15,0
756,15,0
757,15,0
758,15,0
759,15,0
760,15,0
761,15,0
762,15,0
763,15,0
764,15,0
765,15,0
766,15,0
767,15,0
768,15,0
769,15,0
770,15,0
771,15,0
772,15,0
773,15,0
774,15,0
775,15,0
776,15,0
777,15,0
778,15,0
779,15,0
780,15,0
781,15,0
782,15,0
783,15,0
784,15,0
785,15,0
786,15,0
787,15,0
788,15,0
789,15,0
790,15,0
791,14,0
792,14,0
793,11,0
794,11,0
795,9,0
796,9,0
797,9,0
798,9,0
799,8,0
800,8,0
801,8,0
802,8,0
803,8,0
804,8,0
805,8,0
806,8,0
807,8,0
808,8,0
809,8,0
810,8,0
811,8,0
812,8,0
813,8,0
814,8,0
815,8,0
816,8,0
817,8,0
818,8,0
819,8,0
820,8,0
821,8,0
822,7,0
823,7,0
824,7,0
825,7,0
826,7,0
827,7,0
828,7,0
829,7,0
830,7,0
831,7,0
832,7,0
833,7,0
834,8,0
835,8,0
836,8,0
837,8,0
838,8,0
839,8,0
840,8,0
841,8,0
842,8,0
843,8,0
844,8,0
845,8,0
846,8,0
847,8,0
848,8,0
849,8,0
850,8,0
851,8,0
852,8,0
853,8,0
854,8,0
855,8,0
856,8,0
857,8,0
858,8,0
859,8,0
860,8,0
861,8,0
862,8,0
863,8,0
864,8,0
865,8,0
866,8,0
867,8,0
868,8,0
869,8,0
870,8,0
871,9,0
872,9,0
873,9,0
874,9,0
875,9,0
876,9,0
877,9,0
878,9,0
879,9,0
880,11,0
881,11,0
882,11,0
883,11,0
884,10,0
885,10,0
886,10,0
887,10,0
888,10,0
889,10,0
890,10,0
891,10,0
892,10,0
893,10,0
894,10,0
895,10,0
896,10,0
897,10,0
898,10,0
899,10,0
900,10,0
901,10,0
902,10,0
903,10,0
904,10,0
905,10,0
906,10,0
907,10,0
908,10,0
909,10,0
910,10,0
911,10,0
912,10,0
913,10,0
914,10,0
915,10,0
916,10,0
917,10,0
918,10,0
919,10,0
920,10,0
921,10,0
922,10,0
923,10,0
924,10,0
925,10,0
926,10,0
927,10,0
928,10,0
929,10,0
930,10,0
931,10,0
932,10,0
933,10,0
934,10,0
935,10,0
936,10,0
937,10,0
938,10,0
939,11,0
940,11,0
941,9,0
942,9,0
943,8,0
944,8,0
945,8,0
946,8,0
947,8,0
948,8,0
949,9,0
950,9,0
951,9,0
952,9,0
953,9,0
954,9,0
955,9,0
956,9,0
957,9,0
958,9,0
959,9,0
960,9,0
961,9,0
962,9,0
963,9,0
964,9,0
965,9,0
966,9,0
967,9,0
968,9,0
969,9,0
970,9,0
971,9,0
972,9,0
973,9,0
974,10,0
975,10,0
976,14,1
977,13,1
978,13,1
979,13,1
980,13,1
981,13,1
982,13,1
983,13,1
984,13,1
985,13,1
986,13,1
987,13,1
988,13,1
989,13,1
990,13,1
991,13,1
992,13,1
993,13,1
994,13,1
995,13,1
996,13,1
997,13,1
998,13,1
999,13,1
1000,13,1
1001,13,1
1002,13,1
1003,13,1
1004,13,1
1005,13,1
1006,13,1
1007,13,1
1008,13,1
1009,13,1
1010,13,1
1011,13,1
1012,13,1
1013,13,1
1014,13,1
1015,13,1
1016,13,1
1017,13,1
1018,13,1
1019,13,1
1020,13,1
1021,13,1
1022,13,1
1023,13,1
1024,13,1
1025,13,1
1026,13,1
1027,12,1
1028,12,1
1029,12,1
1030,273,9
1031,273,9
1032,273,9
1033,273,9
1034,273,9
1035,273,9
1036,273,9
1037,273,9
1038,273,9
1039,273,9
1040,273,9
1041,273,9
1042,273,9
1043,273,9
1044,273,9
1045,273,9
1046,273,9
1047,273,9
1048,273,9
1049,273,9
1050,273,9
1051,273,9
1052,273,9
1053,273,9
1054,273,9
1055,273,9
1056,273,9
1057,273,9
1058,273,9
1059,273,9
1060,273,9
1061,273,9
1062,273,9
1063,273,9
1064,273,9
1065,273,9
1066,273,9
1067,273,9
1068,273,9
1069,273,9
1070,273,9
1071,273,9
1072,273,9
1073,273,9
1074,273,9
1075,273,9
1076,273,9
1077,273,9
1078,273,9
1079,273,9
1080,273,9
1081,273,9
1082,273,9
1083,273,9
1084,273,9
1085,273,9
1086,273,9
1087,273,9
1088,273,9
1089,273,9
1090,273,9
1091,273,9
1092,273,9
1093,273,9
1094,273,9
1095,273,9
1096,273,9
1097,273,9
1098,273,9
1099,273,9
1100,273,9
1101,273,9
1102,273,9
1103,273,9
1104,273,9
1105,273,9
1106,273,9
1107,273,9
1108,273,9
1109,273,9
1110,273,9
1111,273,9
1112,273,9
1113,273,9
1114,273,9
1115,273,9
1116,273,9
1117,273,9
1118,273,9
1119,273,9
1120,273,9
1121,273,9
1122,273,9
1123,273,9
1124,273,9
1125,273,9
1126,273,9
1127,273,9
1128,273,9
1129,273,9
1130,273,9
1131,273,9
1132,273,9
1133,273,9
1134,273,9
1135,273,9
1136,271,9
1137,273,9
1138,273,9
1139,273,9
1140,273,9
1141,273,9
1142,273,9
