revision,clones,prevented
1,196,4
2,196,4
3,196,4
4,196,4
5,196,4
6,202,5
7,203,5
8,205,5
9,205,5
10,205,5
11,205,5
12,205,5
13,207,5
14,207,5
15,207,5
16,213,5
17,215,5
18,220,5
19,220,5
20,223,5
21,223,5
22,223,5
23,223,5
24,222,5
25,222,5
26,222,5
27,224,5
28,224,5
29,224,5
30,233,5
31,386,9
32,408,10
33,410,11
34,446,12
35,454,13
36,454,14
37,454,15
38,459,15
39,561,15
40,697,17
41,698,17
42,836,20
43,836,20
44,836,20
45,838,20
46,834,20
47,834,20
48,833,20
49,824,20
50,824,20
51,824,20
52,824,20
53,824,20
54,815,20
55,815,20
56,815,20
57,815,20
58,815,20
59,815,20
60,819,20
61,819,20
62,821,20
63,820,20
64,821,20
65,821,20
66,826,20
67,826,20
68,826,20
69,826,20
70,826,20
71,826,20
72,826,20
73,826,20
74,823,20
75,826,20
76,826,20
77,826,20
78,826,20
79,826,20
80,826,20
81,826,20
82,826,20
83,806,20
84,806,20
85,806,20
86,754,17
87,763,17
88,764,17
89,764,17
90,764,17
91,764,17
92,764,17
93,764,17
94,769,17
95,769,17
96,769,17
97,769,17
98,769,17
99,769,17
100,769,17
101,769,17
102,769,17
103,769,17
104,769,17
105,769,17
106,769,17
107,769,17
108,769,17
109,769,17
110,776,17
111,773,17
112,772,17
113,772,17
114,772,17
115,788,17
116,797,17
117,796,17
118,796,17
119,730,17
120,736,17
121,737,17
122,737,17
123,739,17
124,739,17
125,739,17
126,739,17
127,739,17
128,739,17
129,740,17
130,740,17
131,740,17
132,741,17
133,741,17
134,741,17
135,742,17
136,742,17
137,742,17
138,742,17
139,742,17
140,742,17
141,742,17
142,742,17
143,747,17
144,747,17
145,747,17
146,766,17
147,766,17
148,766,17
149,759,17
150,759,17
151,759,17
152,759,17
153,759,17
154,759,17
155,759,17
156,759,17
157,762,17
158,762,17
159,761,17
160,759,17
161,759,17
162,759,17
163,759,17
164,759,17
165,759,17
166,759,17
167,759,17
168,759,17
169,759,17
170,759,17
171,759,17
172,759,17
173,758,17
174,756,17
175,756,17
176,756,17
177,756,17
178,757,17
179,757,17
180,2048,114
181,2064,114
182,1279,21
183,1279,21
184,1279,21
185,1279,21
186,1279,21
187,1280,21
188,1280,21
189,1280,21
190,1280,21
191,1291,21
192,1309,21
193,1309,21
194,1309,21
195,1309,21
196,1329,21
197,1329,21
198,1329,21
199,1329,21
200,1349,21
201,1357,21
202,1357,21
203,1357,21
204,1357,21
205,1356,21
206,1345,21
207,1350,21
208,1312,21
209,1312,21
210,1312,21
211,1312,21
212,1312,21
213,1312,21
214,1312,21
215,1312,21
216,1312,21
217,1312,21
218,1312,21
219,1312,21
220,1312,21
221,1312,21
222,1310,21
223,1311,21
224,1311,21
225,1311,21
226,1310,21
227,1310,21
228,1310,21
229,1310,21
230,1310,21
231,1310,21
232,1312,21
233,1312,21
234,1320,21
235,1603,32
236,1603,32
237,1603,32
238,1604,32
239,1604,32
240,1604,32
241,1600,32
242,1607,32
243,1609,32
244,1634,32
245,1634,32
246,1632,32
247,1649,32
248,1648,32
249,1683,32
250,1683,32
251,1708,32
252,1712,32
253,1685,32
254,1695,32
255,1695,32
256,1695,32
257,1695,32
258,1695,32
259,1700,32
260,1700,32
261,1699,32
262,1691,32
263,1756,32
264,1756,32
265,1760,32
266,1764,32
267,1721,32
268,1711,32
269,1711,32
270,1711,32
271,1711,32
272,1717,33
273,1716,34
274,1716,35
275,1766,36
276,1750,37
277,1750,38
278,1772,39
279,1772,40
280,1770,41
281,1769,44
282,1954,44
283,1971,44
284,1971,44
285,1967,46
286,1967,47
287,1967,48
288,1971,49
289,1970,50
290,1695,27
291,1695,27
292,1686,27
293,1686,27
294,1686,27
295,1686,27
296,1714,27
297,1709,27
298,1713,27
299,1713,27
300,1716,27
301,1714,27
302,1713,27
303,1715,27
304,1715,27
305,1715,27
306,1715,27
307,1715,27
308,1715,27
309,1715,27
310,1708,27
311,1708,27
312,1708,27
313,1708,27
314,1708,27
315,1708,27
316,1708,27
317,1708,27
318,1708,27
319,1708,27
320,1711,27
321,1741,27
322,1736,27
323,1736,27
324,1757,27
325,1805,28
326,1805,28
327,1805,28
328,1805,28
329,1805,28
330,1805,28
331,1794,28
332,1795,28
333,1815,28
334,1813,28
335,1829,28
336,1829,28
337,1833,28
338,1835,28
339,1835,28
340,1835,28
341,1836,28
342,1836,28
343,1836,28
344,1836,28
345,1836,28
346,1836,28
347,1836,28
348,1836,28
349,1836,28
350,1836,28
351,1836,28
352,1836,28
353,1836,28
354,1836,28
355,1851,28
356,1851,28
357,1851,28
358,1851,28
359,1849,28
360,1849,28
361,1849,28
362,1849,28
363,1849,28
364,1850,28
365,1850,28
366,1849,28
367,1850,28
368,1850,28
369,1850,28
370,1847,28
371,1847,28
372,1847,28
373,1848,28
374,1848,28
375,1848,28
376,1848,28
377,1846,28
378,1846,28
379,1846,28
380,1845,28
381,1845,28
382,1845,28
383,1845,28
384,1846,28
385,1846,28
386,1846,28
387,1846,28
388,1846,28
389,1846,28
390,1846,28
391,1846,28
392,1846,28
393,1847,28
394,1847,28
395,2113,36
396,2049,36
397,2040,36
398,2027,36
399,2027,36
400,1889,36
401,1888,36
402,1882,36
403,1890,35
404,1890,34
405,1890,33
406,1921,32
407,1921,31
408,1921,30
409,1921,29
410,1926,28
411,1927,27
412,1927,22
413,1939,22
414,1941,22
415,1965,22
416,2003,22
417,2022,22
418,2019,22
419,2021,22
420,2021,22
421,2021,22
422,2021,22
423,2023,22
424,2023,22
425,2010,22
426,1990,22
427,1998,22
428,1998,22
429,1998,22
430,1998,22
431,1999,22
432,1999,22
433,1999,22
434,2006,22
435,2006,22
436,2006,22
437,2006,22
438,2013,22
439,2013,22
440,2013,22
441,2016,22
442,2018,22
443,2018,22
444,2018,22
445,2002,22
446,2002,22
447,2002,22
448,2002,22
449,2002,22
450,2002,22
451,2002,22
452,2002,22
453,2009,22
454,2009,22
455,2011,22
456,2011,22
457,2012,22
458,2010,22
459,2010,22
460,2010,22
461,2008,22
462,2008,22
463,2008,22
464,2011,22
465,2011,22
466,2011,22
467,2010,22
468,2010,22
469,2009,22
470,2009,22
471,2014,22
472,2014,22
473,2014,22
474,2014,22
475,2014,22
476,2014,22
477,2014,22
478,2014,22
479,2014,22
480,2014,22
481,2015,22
482,2017,22
483,2017,22
484,2017,22
485,2017,22
486,2012,22
487,2012,22
488,2014,22
489,1960,22
490,1960,22
491,1960,22
492,1962,22
493,1962,22
494,1942,22
495,1943,22
496,1944,22
497,1944,22
498,1945,22
499,1949,22
500,1947,22
501,1947,22
502,1947,22
503,1947,22
504,1947,22
505,1947,22
506,1947,22
507,1947,22
508,1950,22
509,1944,22
510,1944,22
511,1944,22
512,1944,22
513,1944,22
514,1944,22
515,1948,22
516,1948,22
517,1947,22
518,1947,22
519,1947,22
520,1944,22
521,1944,22
522,1944,22
523,1944,22
524,1943,22
525,1944,22
526,1944,22
527,1941,22
528,1942,22
529,1938,22
530,1942,22
531,1942,22
532,1947,22
533,1948,22
534,1980,22
535,1980,22
536,1980,22
537,1980,22
538,1980,22
539,1980,22
540,1980,22
541,1980,22
542,1981,22
543,1985,22
544,1981,22
545,1981,22
546,2001,22
547,2001,22
548,2001,22
549,2001,22
550,2001,22
551,2003,22
552,2005,22
553,2005,22
554,2005,22
555,2001,22
556,2007,22
557,2007,22
558,2007,22
559,2007,22
560,2007,22
561,2007,22
562,2007,22
563,2007,22
564,2007,22
565,2007,22
566,2007,22
567,2007,22
568,2009,22
569,2009,22
570,2009,22
571,2009,22
572,2009,22
573,2009,22
574,2009,22
575,2009,22
576,2010,22
577,2010,22
578,2010,22
579,2010,22
580,2010,22
581,2009,22
582,2009,22
583,2009,22
584,2009,22
585,2009,22
586,2009,22
587,2009,22
588,2009,22
589,2009,22
590,2031,22
591,2031,22
592,2031,22
593,2031,22
594,2031,22
595,2031,22
596,2031,22
597,2031,22
598,2031,22
599,2031,22
600,2031,22
601,2031,22
602,2031,22
603,2031,22
604,2031,22
605,2029,22
606,2029,22
607,2026,22
608,2028,22
609,2028,22
610,2037,22
611,2037,22
612,2037,22
613,2037,22
614,2037,22
615,2038,22
616,2037,22
617,2037,22
618,2037,22
619,2037,22
620,2037,22
621,2037,22
622,2037,22
623,2037,22
624,2037,22
625,2035,22
626,2035,22
627,2035,22
628,2035,22
629,2035,22
630,2035,22
631,2035,22
632,2035,22
633,2035,22
634,2035,22
635,2035,22
636,2035,22
637,2035,22
638,2035,22
639,2034,22
640,2034,22
641,2034,22
642,2034,22
643,2034,22
644,2034,22
645,2034,22
646,2034,22
647,2034,22
648,2034,22
649,2034,22
650,2034,22
651,2047,22
652,2047,22
653,2046,22
654,2046,22
655,2046,22
656,2046,22
657,2046,22
658,2046,22
659,2046,22
660,2046,22
661,2046,22
662,2046,22
663,2046,22
664,2046,22
665,2046,22
666,2046,22
667,2046,22
668,2046,22
669,2046,22
670,2048,22
671,2048,22
672,2048,22
673,2048,22
674,2048,22
675,2051,22
676,2054,22
677,2054,22
678,2070,22
679,2070,22
680,2069,22
681,2069,22
682,2069,22
683,2069,22
684,2069,22
685,1229,22
686,1229,22
687,6538,165
688,6538,165
689,6538,165
690,6538,165
691,6538,165
692,6833,165
693,6833,165
694,6833,165
695,6833,165
696,6833,165
697,6538,165
698,6538,165
699,6538,165
700,6611,165
701,6604,165
702,6608,165
703,6608,165
704,6608,165
705,6608,165
706,6608,165
707,6608,165
708,6614,165
709,6614,165
710,6614,165
711,6614,165
712,6614,165
713,6614,165
714,6614,165
715,6614,165
716,6614,165
717,6614,165
718,6614,165
719,6614,165
720,6600,165
721,6599,165
