revision,clones,prevented
1,85,2
2,85,2
3,85,2
4,85,2
5,85,2
6,85,2
7,85,2
8,85,2
9,85,2
10,85,2
11,85,2
12,85,2
13,85,2
14,85,2
15,85,2
16,85,2
17,85,2
18,85,2
19,85,2
20,85,2
21,85,2
22,85,2
23,85,2
24,85,2
25,85,2
26,85,2
27,85,2
28,85,2
29,85,2
30,85,2
31,85,2
32,85,2
33,85,2
34,85,2
35,85,2
36,85,2
37,85,2
38,85,2
39,85,2
40,85,2
41,85,2
42,85,2
43,85,2
44,85,2
45,85,2
46,85,2
47,85,2
48,85,2
49,85,2
50,85,2
51,85,2
52,85,2
53,85,2
54,85,2
55,85,2
56,85,2
57,85,2
58,85,2
59,85,2
60,85,2
61,85,2
62,85,2
63,85,2
64,85,2
65,85,2
66,85,2
67,85,2
68,85,2
69,85,2
70,85,2
71,85,2
72,85,2
73,85,2
74,85,2
75,85,2
76,85,2
77,85,2
78,85,2
79,85,2
80,85,2
81,85,2
82,85,2
83,85,2
84,85,2
85,85,2
86,85,2
87,85,2
88,85,2
89,85,2
90,85,2
91,85,2
92,85,2
93,85,2
94,85,2
95,85,2
96,85,2
97,85,2
98,85,2
99,85,2
100,88,7
101,88,7
102,88,7
103,88,7
104,88,7
105,88,7
106,88,7
107,88,7
108,88,7
109,88,7
110,88,7
111,88,7
112,88,7
113,88,7
114,88,7
115,88,7
116,88,7
117,88,7
118,81,2
119,81,2
120,81,2
121,81,2
122,81,2
123,81,2
124,81,2
125,81,2
126,81,2
127,81,2
128,81,2
129,81,2
130,81,2
131,72,2
132,72,2
133,72,2
134,72,2
135,72,2
136,72,2
137,72,2
138,72,2
139,72,2
140,72,2
141,72,2
142,72,2
143,72,2
144,72,2
145,72,2
146,72,2
147,72,2
148,72,2
149,72,2
150,72,2
151,72,2
152,72,2
153,72,2
154,72,2
155,72,2
156,72,2
157,72,2
158,72,2
159,72,2
160,72,2
161,72,2
162,72,2
163,72,2
164,72,2
165,72,2
166,72,2
167,72,2
168,72,2
169,72,2
170,72,2
171,72,2
172,72,2
173,72,2
174,72,2
175,72,2
176,72,2
177,72,2
178,72,2
179,72,2
180,72,2
181,72,2
182,72,2
183,72,2
184,72,2
185,72,2
186,61,2
187,61,2
188,61,2
189,61,2
190,61,2
191,61,2
192,61,2
193,72,2
194,61,2
195,61,2
196,61,2
197,72,2
198,72,2
199,72,2
200,72,2
201,61,2
202,61,2
203,72,2
204,72,2
205,72,2
206,72,2
207,72,2
208,72,2
209,72,2
210,72,2
211,72,2
212,61,2
213,61,2
214,61,2
215,61,2
216,61,2
217,61,2
218,61,2
219,61,2
220,61,2
221,72,2
222,61,2
223,61,2
224,61,2
225,72,2
226,72,2
227,72,2
228,72,2
229,61,2
230,61,2
231,61,2
232,61,2
233,61,2
234,72,2
235,64,2
236,73,2
237,73,2
238,73,2
239,72,2
240,72,2
241,72,2
242,72,2
243,72,2
244,73,2
245,75,2
246,75,2
247,72,2
248,72,2
249,72,2
250,72,2
251,72,2
252,72,2
253,72,2
254,72,2
255,72,2
256,72,2
257,61,2
258,61,2
259,73,2
260,61,2
261,61,2
262,61,2
263,61,2
264,60,2
265,60,2
266,61,2
267,61,2
268,61,2
269,61,2
270,61,2
271,61,2
272,61,2
273,61,2
274,61,2
275,61,2
276,61,2
277,61,2
278,61,2
279,61,2
280,61,2
281,61,2
282,61,2
283,61,2
284,61,2
285,73,2
286,70,2
287,61,2
288,61,2
289,70,2
290,70,2
291,61,2
292,61,2
293,61,2
294,61,2
295,61,2
296,61,2
297,61,2
298,61,2
299,61,2
300,61,2
301,61,2
302,61,2
303,61,2
304,61,2
305,61,2
306,61,2
307,61,2
308,65,2
309,61,2
310,61,2
311,61,2
312,65,2
313,65,2
314,65,2
315,65,2
316,65,2
317,65,2
318,65,2
319,65,2
320,65,2
321,65,2
322,65,2
323,65,2
324,65,2
325,65,2
326,65,2
327,65,2
328,65,2
329,64,2
330,64,2
331,64,2
332,64,2
333,64,2
334,64,2
335,64,2
336,64,2
337,63,2
338,64,2
339,63,2
340,63,2
341,63,2
342,63,2
343,63,2
344,63,2
345,63,2
346,63,2
347,63,2
348,70,2
349,75,2
350,63,2
351,63,2
352,63,2
353,63,2
354,63,2
355,63,2
356,63,2
357,63,2
358,63,2
359,63,2
360,63,2
361,64,2
362,64,2
363,64,2
364,64,2
365,64,2
366,64,2
367,76,2
368,77,2
369,77,2
370,77,2
371,77,2
372,77,2
373,77,2
374,77,2
375,77,2
376,77,2
377,77,2
378,77,2
379,77,2
380,77,2
381,77,2
382,77,2
383,77,2
384,77,2
385,64,2
386,64,2
387,64,2
388,64,2
389,77,2
390,64,2
391,64,2
392,64,2
393,64,2
394,64,2
395,77,2
396,77,2
397,65,2
398,77,2
399,78,2
400,65,2
401,65,2
402,65,2
403,65,2
404,78,2
405,78,2
406,78,2
407,78,2
408,78,2
409,78,2
410,65,2
411,78,2
412,73,2
413,78,2
414,78,2
415,78,2
416,78,2
417,78,2
418,78,2
419,78,2
420,78,2
421,78,2
422,78,2
423,65,2
424,78,2
425,78,2
426,78,2
427,78,2
428,78,2
429,78,2
430,78,2
431,84,2
432,78,2
433,84,2
434,84,2
435,84,2
436,84,2
437,84,2
438,84,2
439,84,2
440,84,2
441,84,2
442,84,2
443,84,2
444,84,2
445,68,2
446,68,2
447,68,2
448,68,2
449,68,2
450,68,2
451,68,2
452,68,2
453,68,2
454,68,2
455,68,2
456,68,2
457,68,2
458,68,2
459,68,2
460,68,2
461,68,2
462,68,2
463,68,2
464,68,2
465,68,2
466,68,2
467,68,2
468,68,2
469,68,2
470,68,2
471,68,2
472,68,2
473,219,17
474,226,17
475,226,17
476,224,17
477,224,17
478,224,17
479,224,17
480,224,17
481,226,17
482,224,17
483,224,17
484,224,17
485,225,17
486,225,17
487,224,17
488,224,17
489,224,17
490,224,17
491,122,5
492,122,5
493,122,5
494,118,5
495,118,5
496,118,5
497,118,5
498,118,5
499,118,5
500,118,5
501,118,5
502,118,5
503,118,5
504,118,5
505,118,5
506,118,5
507,118,5
508,118,5
509,118,5
510,118,5
511,118,5
512,118,5
513,118,5
514,118,5
515,118,5
516,118,5
517,118,5
518,118,5
519,118,5
520,118,5
521,118,5
522,118,5
523,118,5
524,118,5
525,118,5
526,118,5
527,118,5
528,118,5
529,118,5
530,117,5
531,117,5
532,117,5
533,117,5
534,117,5
535,117,5
536,117,5
537,117,5
538,117,5
539,117,5
540,117,5
541,117,5
542,117,5
543,118,5
544,118,5
545,118,5
546,118,5
547,118,5
548,118,5
549,118,5
550,118,5
551,118,5
552,118,5
553,118,5
554,118,5
555,118,5
556,118,5
557,118,5
558,118,5
559,118,5
560,118,5
561,118,5
562,118,5
563,118,5
564,118,5
565,118,5
566,118,5
567,118,5
568,118,5
569,118,5
570,118,5
571,118,5
572,118,5
573,118,5
574,118,5
575,118,5
576,118,5
577,118,5
578,118,5
579,118,5
580,119,5
581,119,5
582,119,5
583,119,5
584,119,5
585,119,5
586,119,5
587,119,5
588,119,5
589,120,5
590,120,5
591,120,5
592,120,5
593,120,5
594,120,5
595,120,5
596,120,5
597,120,5
598,120,5
599,120,5
600,120,5
601,120,5
602,120,5
603,120,5
604,120,5
605,120,5
606,120,5
607,120,5
608,120,5
609,120,5
610,120,5
611,120,5
612,120,5
613,120,5
614,120,5
615,120,5
616,120,5
617,123,5
618,123,5
619,123,5
620,123,5
621,123,5
622,122,5
623,122,5
624,122,5
625,122,5
626,122,5
627,122,5
628,122,5
629,122,5
630,122,5
631,122,5
632,122,5
633,122,5
634,122,5
635,122,5
636,122,5
637,122,5
638,122,5
639,122,5
640,122,5
641,122,5
642,122,5
643,122,5
644,122,5
645,122,5
646,122,5
647,122,5
648,122,5
649,122,5
650,123,5
651,123,5
652,123,5
653,123,5
654,123,5
655,123,5
656,123,5
657,123,5
658,123,5
659,123,5
660,123,5
661,123,5
662,123,5
663,123,5
664,123,5
665,123,5
666,123,5
667,123,5
668,123,5
669,123,5
670,122,5
671,122,5
672,122,5
673,122,5
674,122,5
675,122,5
676,122,5
677,122,5
678,122,5
679,122,5
680,122,5
681,122,5
682,122,5
683,122,5
684,122,5
685,122,5
686,122,5
687,122,5
688,122,5
689,122,5
690,122,5
691,122,5
692,122,5
693,123,5
694,122,5
695,122,5
696,122,5
697,122,5
698,122,5
699,122,5
700,122,5
701,122,5
702,122,5
703,122,5
704,122,5
705,122,5
706,122,5
707,122,5
708,122,5
709,122,5
710,122,5
711,122,5
712,122,5
713,122,5
714,122,5
715,122,5
716,122,5
717,122,5
718,122,5
719,122,5
720,122,5
721,123,5
722,122,5
723,122,5
724,123,5
725,123,5
726,123,5
727,123,5
728,123,5
729,123,5
730,123,5
731,123,5
732,123,5
733,123,5
734,123,5
735,123,5
736,123,5
737,123,5
738,125,5
739,125,5
740,125,5
741,125,5
742,125,5
743,125,5
744,125,5
745,125,5
746,125,5
747,125,5
748,125,5
749,125,5
750,125,5
751,125,5
752,125,5
753,125,5
754,125,5
755,125,5
756,125,5
757,125,5
758,125,5
759,125,5
760,128,5
761,128,5
762,128,5
763,128,5
764,128,5
765,128,5
766,128,5
767,128,5
768,128,5
769,128,5
770,128,5
771,128,5
772,128,5
773,128,5
774,128,5
775,128,5
776,128,5
777,128,5
778,128,5
779,128,5
780,128,5
781,128,5
782,128,5
783,128,5
784,128,5
785,128,5
786,128,5
787,128,5
788,128,5
789,128,5
790,128,5
791,128,5
792,128,5
793,128,5
794,128,5
795,128,5
796,128,5
797,128,5
798,128,5
799,128,5
800,128,5
801,128,5
802,128,5
803,128,5
804,128,5
805,128,5
806,128,5
807,128,5
808,128,5
809,128,5
810,128,5
811,128,5
812,128,5
813,128,5
814,128,5
815,128,5
816,129,5
817,128,5
818,128,5
819,128,5
820,128,5
821,128,5
822,128,5
823,128,5
824,128,5
825,128,5
